exp_v13 FI

============================================================
fijo | cat4=8.8% occ=0.7%
============================================================
                      gain  splits  gain_pct
s2                245900.8     358      34.6
tn_0               94181.2     136      13.2
roll_med_3         42428.4      97       6.0
ncli_idx           40125.9     111       5.6
tn_1               17098.6      83       2.4
dprom_24           14919.4      58       2.1
cat3               12363.9     522       1.7
ncli_0             11353.2      75       1.6
s3                 11018.6     134       1.5
ncli_pend_12        9042.0     212       1.3
roll_max_3          7878.5      81       1.1
c3_tn_10            5946.9     116       0.8
mes_corte           5713.9      94       0.8
c3_tn_22            5195.0      97       0.7
c3_ma3_lag3         5157.0      94       0.7
c4_tn_10            4814.1     101       0.7
cat2                4524.6     201       0.6
c3_tn_9             4388.4      97       0.6
c3_tn_15            4120.0      91       0.6
c4_tn_22            3168.3     106       0.4
c4_tn_16            3157.6     121       0.4
c4_tn_9             2723.2      98       0.4
pend_12             2590.3      89       0.4
roll_std_3          2211.2      67       0.3
roll_min_3          2166.2      53       0.3
c3_tn_13            2090.9      69       0.3
c3_tn_4             2020.6      50       0.3
r_yoy_tri           1996.6     108       0.3
c4_tn_13            1975.9      93       0.3
c4_tn_17            1970.1     104       0.3
c4_tn_15            1959.2      99       0.3
occ_demanda_norm    1895.1     121       0.3
pred_ols_rec        1786.3     108       0.3
c4_tn_19            1711.4      89       0.2
c4_r_yoy_tri        1680.4      90       0.2
log_prom            1670.4      93       0.2
tn_23               1607.5     101       0.2
c4_tn_14            1546.8      77       0.2
c4_r_tri            1513.4      27       0.2
sh_0                1490.5      68       0.2
tn_13               1469.4      92       0.2
tn_14               1456.9     104       0.2
c3_tn_19            1431.4      79       0.2
tn_17               1397.7      98       0.2
c4_roll_med_12      1375.6      99       0.2
c4_tn_23            1365.9      64       0.2
occ_n_esperados     1350.3      83       0.2
ncli_pend_3         1338.8      96       0.2
s6                  1322.4      67       0.2
tn_15               1317.6      85       0.2
sh4_pend_12         1274.5      78       0.2
tn_11               1260.0      82       0.2
dmax_24             1250.9      63       0.2
c4_dprom_24         1241.0      56       0.2
roll_med_6          1235.1      70       0.2
sh_pend_12          1230.5      80       0.2
cv                  1230.1      70       0.2
c4_tn_21            1215.4      55       0.2
c3_cv               1200.2      38       0.2
ncli_prom           1198.5      67       0.2
c3_tn_18            1197.2      61       0.2
tn_2                1191.9      76       0.2
c4_tn_7             1169.1      59       0.2
sh4_yoy             1163.3      79       0.2
c3_tn_21            1162.6      49       0.2
c4_tn_20            1148.1      53       0.2
c4_cv               1135.0      65       0.2
c3_tn_23            1129.2      56       0.2
occ_demanda_esp     1125.2      59       0.2
c3_tn_17            1105.5      65       0.2
c3_tn_8             1099.8      51       0.2
tn_22               1096.4      72       0.2
diff_0_12           1079.4      59       0.2
sh_yoy              1065.1      78       0.1
c3_tn_14            1053.8      55       0.1
c4_tn_18            1051.5      52       0.1
diff_0_1            1043.8      62       0.1
c4_s3               1033.7      54       0.1
tn_12               1010.0      71       0.1
pred_ols_yoy         999.8      51       0.1
c3_tn_7              990.5      57       0.1
basket_idx           970.0      62       0.1
roll_min_6           965.2      65       0.1
roll_med_12          948.9      64       0.1
sh4_0                945.8      52       0.1
tn_18                926.1      65       0.1
sh_ma3_lag3          922.7      51       0.1
sh4_ma3              918.3      60       0.1
r_1_2                915.7      63       0.1
ma3_lag9             913.6      49       0.1
c3_tn_16             910.2      45       0.1
c3_tn_3              898.5      44       0.1
ncli_pend_6          897.9      51       0.1
c4_tn_2              894.3      53       0.1
tn_20                879.0      57       0.1
c4_s6                877.4      50       0.1
c3_r_0_1             875.1      44       0.1
c4_diff_0_12         874.8      66       0.1
dmax_12              859.2      37       0.1
tn_3                 857.7      57       0.1
tn_19                857.0      62       0.1
c4_roll_med_3        853.8      48       0.1
c4_tn_12             844.8      52       0.1
sh4_prom12           843.5      57       0.1
tn_16                838.6      60       0.1
c4_diff_1_2          832.4      53       0.1
c4_diff_2_3          810.4      56       0.1
sh4_pend_6           805.2      52       0.1
sh4_acel             799.6      58       0.1
c3_tn_2              793.2      47       0.1
c4_log_prom          791.8      45       0.1
c3_roll_med_12       782.9      49       0.1
c4_tn_0              782.1      38       0.1
c4_tn_6              779.9      48       0.1
c4_tn_11             773.7      50       0.1
c3_tn_20             769.7      48       0.1
ma3_lag6             765.6      53       0.1
edad_serie           754.3      34       0.1
r_0_1                752.4      50       0.1
c4_tn_4              742.1      44       0.1
c4_tn_5              736.1      35       0.1
tn_8                 733.7      53       0.1
sh_pend_3            730.6      54       0.1
c3_diff_0_12         728.9      47       0.1
c3_tn_5              720.7      42       0.1
roll_max_6           719.7      49       0.1
diff_3_4             718.7      54       0.1
sh_acel              709.4      53       0.1
c4_pend_6            709.1      42       0.1
c4_r_0_1             703.8      48       0.1
ma3_lag3             697.2      44       0.1
c3_s6                695.8      28       0.1
c3_diff_2_3          693.2      40       0.1
c4_tn_3              681.5      44       0.1
tn_21                679.2      51       0.1
c4_tn_8              676.6      42       0.1
pend_6               676.3      31       0.1
sh4_pend_3           671.3      49       0.1
diff_1_2             663.4      45       0.1
tn_9                 655.3      50       0.1
roll_max_12          648.6      50       0.1
tn_5                 637.5      48       0.1
c3_pend_12           636.4      38       0.1
tn_10                634.7      52       0.1
c3_pend_6            633.6      28       0.1
dprom_6              618.6      31       0.1
sh_ma3               616.1      44       0.1
roll_min_12          608.1      46       0.1
c4_pend_12           597.3      36       0.1
c3_tn_6              594.4      32       0.1
c4_ma3_lag3          594.3      30       0.1
tn_4                 593.1      47       0.1
c4_dmax_12           590.5      30       0.1
c3_r_yoy_tri         582.9      37       0.1
c4_diff_0_1          577.5      33       0.1
roll_std_6           573.5      43       0.1
c3_roll_max_12       565.7      33       0.1
c4_roll_med_6        554.6      38       0.1
sh_prom12            550.0      34       0.1
c3_dmax_12           548.9      34       0.1
r_02_34              546.9      42       0.1
tn_7                 542.2      40       0.1
tn_6                 538.9      39       0.1
diff_4_5             527.7      39       0.1
dmin_24              514.7      37       0.1
c3_log_prom          513.9      34       0.1
c3_roll_med_6        501.0      29       0.1
diff_2_3             495.4      39       0.1
c4_acel_ma3          492.5      16       0.1
dmin_12              487.8      22       0.1
sh_pend_6            477.5      35       0.1
c3_tn_11             476.5      31       0.1
c4_s2                473.1      27       0.1
acel_ma3             461.5      33       0.1
c4_roll_max_12       458.0      27       0.1
c3_dprom_24          456.1      30       0.1
c3_diff_1_2          450.5      30       0.1
dmin_6               443.7      23       0.1
diff_5_6             435.8      34       0.1
c3_s2                427.6      28       0.1
c3_tn_0              416.3      23       0.1
c3_tn_12             413.9      30       0.1
r_tri                413.1      29       0.1
c3_diff_0_1          377.2      23       0.1
c4_tn_1              358.5      22       0.1
c3_roll_med_3        356.3      24       0.1
c3_r_tri             354.3      24       0.0
dmax_6               350.1      25       0.0
c3_tn_1              349.0      24       0.0
c3_s3                267.8      17       0.0
c3_acel_ma3          223.4      14       0.0
cat1                 137.6       6       0.0
anio_corte            17.5       1       0.0

============================================================
v11opt | cat4=11.9% occ=0.8%
============================================================
                      gain  splits  gain_pct
s3                155045.6     346      17.7
roll_std_3         93212.4     336      10.6
s2                 82580.1     282       9.4
tn_0               54261.1     166       6.2
roll_max_3         27861.8     192       3.2
roll_med_3         23443.8     150       2.7
ncli_idx           22719.7     198       2.6
ncli_0             18322.4     188       2.1
cat3               15753.7    1004       1.8
dprom_24           14488.4     136       1.7
ncli_pend_12        7825.1     486       0.9
sh4_ma3             6248.7     117       0.7
c3_tn_10            5339.9     160       0.6
c3_tn_9             5042.0     175       0.6
cat2                4963.0     327       0.6
tn_1                4818.0     190       0.5
c4_tn_10            4664.4     191       0.5
c3_tn_22            4656.5     167       0.5
c3_tn_15            4264.3     170       0.5
pend_12             4094.5     248       0.5
mes_corte           3878.3      96       0.4
pred_ols_rec        3741.3     295       0.4
sh_0                3728.5     141       0.4
c4_tn_22            3686.0     165       0.4
tn_15               3538.1     286       0.4
r_yoy_tri           3442.9     260       0.4
c4_tn_15            3437.7     209       0.4
tn_17               3405.3     281       0.4
c4_tn_16            3330.6     190       0.4
tn_13               3317.0     274       0.4
c3_ma3_lag3         3305.5     114       0.4
tn_14               3233.4     272       0.4
sh4_yoy             3161.8     265       0.4
occ_demanda_norm    3058.4     235       0.3
c4_tn_9             3038.8     183       0.3
tn_16               2960.5     245       0.3
c4_tn_13            2861.8     186       0.3
sh_ma3              2859.0     114       0.3
c4_tn_17            2811.9     208       0.3
ncli_prom           2747.4     205       0.3
roll_min_3          2745.6     150       0.3
sh_yoy              2709.8     234       0.3
tn_12               2690.6     223       0.3
sh_pend_12          2654.1     215       0.3
sh4_pend_12         2645.3     216       0.3
tn_23               2634.1     211       0.3
c4_tn_14            2621.9     197       0.3
occ_n_esperados     2527.7     184       0.3
c3_tn_4             2487.4     120       0.3
tn_19               2407.9     206       0.3
diff_0_12           2393.4     193       0.3
tn_3                2392.6     196       0.3
c3_tn_13            2392.1     154       0.3
tn_11               2374.2     195       0.3
ncli_pend_3         2365.4     182       0.3
ma3_lag9            2361.9     170       0.3
c4_tn_19            2311.3     165       0.3
c4_tn_7             2255.3     168       0.3
sh_acel             2243.6     191       0.3
roll_med_12         2224.0     189       0.3
dmax_24             2222.0     158       0.3
ncli_pend_6         2219.1     172       0.3
log_prom            2211.9     169       0.3
tn_18               2202.5     185       0.3
tn_2                2202.2     169       0.3
basket_idx          2174.2     180       0.2
diff_3_4            2145.8     188       0.2
tn_8                2145.5     188       0.2
dmax_12             2141.6     122       0.2
tn_22               2128.5     167       0.2
ma3_lag6            2100.9     170       0.2
tn_10               2067.9     181       0.2
c3_tn_17            2043.9     149       0.2
cv                  2043.0     160       0.2
c4_tn_21            2029.2     134       0.2
c4_r_yoy_tri        2024.8     151       0.2
c4_tn_20            2021.7     146       0.2
tn_7                2018.5     172       0.2
sh_pend_3           2005.5     175       0.2
pred_ols_yoy        1998.3     161       0.2
c4_roll_med_12      1995.1     162       0.2
c4_diff_2_3         1977.6     156       0.2
sh4_pend_6          1947.3     164       0.2
tn_9                1928.2     167       0.2
occ_demanda_esp     1913.7     147       0.2
sh4_pend_3          1911.5     164       0.2
c3_tn_16            1905.5     140       0.2
sh4_prom12          1904.3     157       0.2
c4_tn_18            1887.3     146       0.2
tn_20               1885.9     161       0.2
c4_diff_0_12        1866.5     154       0.2
s6                  1861.8     124       0.2
c4_log_prom         1859.2     137       0.2
roll_min_6          1852.8     149       0.2
c4_tn_23            1838.7     130       0.2
c4_tn_12            1833.0     141       0.2
tn_5                1829.3     157       0.2
c4_cv               1823.6     129       0.2
tn_4                1821.1     150       0.2
sh4_acel            1798.5     147       0.2
tn_21               1781.1     153       0.2
ma3_lag3            1780.3     143       0.2
diff_4_5            1772.0     156       0.2
diff_5_6            1764.6     153       0.2
c4_tn_11            1764.0     144       0.2
diff_1_2            1726.1     141       0.2
roll_max_6          1715.5     144       0.2
c3_tn_19            1707.4     121       0.2
c4_tn_8             1701.6     131       0.2
c3_tn_20            1692.0     129       0.2
c3_tn_23            1690.3     117       0.2
tn_6                1664.6     143       0.2
c4_tn_6             1660.5     128       0.2
roll_max_12         1656.2     142       0.2
diff_2_3            1655.9     141       0.2
r_1_2               1655.5     140       0.2
c4_diff_1_2         1645.8     132       0.2
c4_dprom_24         1642.3     112       0.2
c3_tn_18            1634.8     124       0.2
c4_dmax_12          1625.4     120       0.2
c4_tn_3             1621.7     121       0.2
roll_min_12         1608.9     128       0.2
sh_pend_6           1603.9     135       0.2
c4_tn_4             1601.4     130       0.2
c3_tn_21            1596.3     100       0.2
c3_tn_8             1593.2     117       0.2
sh_ma3_lag3         1576.5     128       0.2
pend_6              1568.7     115       0.2
c3_tn_6             1560.3     126       0.2
c4_s3               1543.4     111       0.2
c3_diff_0_12        1535.7     121       0.2
c3_diff_1_2         1532.8     129       0.2
dprom_6             1527.9     124       0.2
c3_tn_14            1525.3     122       0.2
c3_r_0_1            1506.5     117       0.2
c3_roll_med_12      1491.6     112       0.2
diff_0_1            1490.8     120       0.2
c3_diff_2_3         1467.0     113       0.2
c3_tn_12            1452.2     120       0.2
sh4_0               1447.1     117       0.2
c4_r_tri            1446.3      60       0.2
roll_med_6          1445.9     114       0.2
roll_std_6          1407.7     124       0.2
c3_tn_2             1405.1      99       0.2
c3_tn_7             1399.7     109       0.2
dmin_24             1397.3     118       0.2
c4_tn_2             1390.9     110       0.2
dmax_6              1384.3     113       0.2
r_0_1               1381.2     118       0.2
r_02_34             1373.1     119       0.2
c3_pend_12          1360.5      96       0.2
c3_tn_3             1353.9      99       0.2
c4_ma3_lag3         1335.4      94       0.2
c4_tn_5             1319.9      99       0.2
dmin_12             1248.8      85       0.1
c4_roll_med_3       1237.7      93       0.1
c3_tn_11            1234.9     102       0.1
c4_pend_6           1228.1      83       0.1
c3_r_yoy_tri        1216.1      97       0.1
c3_pend_6           1214.0      65       0.1
sh_prom12           1196.4      99       0.1
c3_s6               1185.4      63       0.1
c4_r_0_1            1185.2      95       0.1
c3_tn_5             1184.7      83       0.1
c4_diff_0_1         1179.0      90       0.1
c3_dprom_24         1179.0      94       0.1
r_tri               1166.2      83       0.1
c3_cv               1165.7      70       0.1
c3_diff_0_1         1138.2      87       0.1
c4_s6               1129.4      81       0.1
c4_tn_0             1111.1      84       0.1
c3_roll_max_12      1095.4      79       0.1
c4_roll_max_12      1054.2      88       0.1
c3_dmax_12          1015.4      75       0.1
c4_s2                979.0      78       0.1
c4_pend_12           973.0      71       0.1
acel_ma3             971.1      81       0.1
c4_tn_1              964.8      79       0.1
c4_roll_med_6        919.3      78       0.1
dmin_6               915.9      74       0.1
c3_roll_med_6        910.8      67       0.1
c3_roll_med_3        894.7      73       0.1
c3_log_prom          893.0      66       0.1
c3_tn_0              892.6      71       0.1
c3_tn_1              835.4      70       0.1
c4_acel_ma3          801.1      56       0.1
c3_s2                668.6      60       0.1
c3_s3                664.7      55       0.1
edad_serie           633.9      40       0.1
c3_r_tri             586.2      49       0.1
c3_acel_ma3          545.3      40       0.1
cat1                 124.9       7       0.0
anio_corte            68.1       2       0.0