exp_v14 FI (cat4 en lugar de cat3)

========================================================
fijo | cat4=11.4%
========================================================
                    gain  splits  gain_pct
s2              287991.8     388      40.6
tn_0             68674.9     102       9.7
roll_med_3       42466.1     109       6.0
ncli_idx         35707.6     131       5.0
cat4             29151.0    1072       4.1
tn_1             16746.6     104       2.4
dprom_24         14918.9      76       2.1
ncli_0           14329.4     118       2.0
ncli_pend_12     12436.5     258       1.8
mes_corte         6989.1     126       1.0
c4_tn_22          6683.8     160       0.9
c4_tn_10          5371.7     106       0.8
c4_tn_9           4758.9     161       0.7
s3                4270.9     121       0.6
ma3_lag3          3984.4      97       0.6
c4_tn_16          3621.3     105       0.5
c4_tn_15          3170.2     135       0.4
pend_12           3139.6     124       0.4
s6                2909.4     131       0.4
tn_15             2796.7     154       0.4
pred_ols_rec      2751.4     167       0.4
c4_tn_21          2633.6     104       0.4
roll_med_6        2375.2     105       0.3
c4_tn_14          2317.6     109       0.3
c4_tn_13          2255.4     108       0.3
tn_17             2230.4     133       0.3
tn_23             2220.2     134       0.3
dprom_6           2211.7      50       0.3
c4_r_tri          2159.1      42       0.3
c4_tn_17          2125.2     122       0.3
dmax_24           2086.3      77       0.3
ncli_pend_3       2043.5     130       0.3
r_yoy_tri         2014.5     124       0.3
ma3_lag9          1865.0      85       0.3
roll_med_12       1804.4     104       0.3
log_prom          1803.4     113       0.3
pred_ols_yoy      1767.3      89       0.2
sh4_0             1742.3      90       0.2
c4_tn_23          1732.1      77       0.2
ncli_prom         1724.0     105       0.2
tn_22             1687.9      95       0.2
sh4_pend_12       1672.0     105       0.2
c4_tn_19          1656.5      95       0.2
c4_r_yoy_tri      1624.7      82       0.2
tn_2              1589.4     100       0.2
ncli_pend_6       1586.0      95       0.2
cat2              1495.9      74       0.2
roll_max_3        1495.8      75       0.2
roll_std_3        1490.4      87       0.2
sh4_ma3           1470.6      83       0.2
tn_13             1467.2     100       0.2
tn_11             1458.8      92       0.2
tn_14             1456.8     103       0.2
c4_tn_20          1434.3      85       0.2
cv                1429.4      70       0.2
tn_19             1397.9     108       0.2
c4_tn_18          1376.3      85       0.2
tn_18             1369.7      90       0.2
ma3_lag6          1362.8      84       0.2
tn_16             1358.6      94       0.2
sh4_yoy           1354.3      99       0.2
sh4_prom12        1327.1      85       0.2
sh4_pend_3        1302.3      88       0.2
c4_pend_6         1300.9      56       0.2
tn_20             1270.6      91       0.2
tn_3              1268.5      89       0.2
dmax_12           1257.8      60       0.2
c4_tn_7           1252.2      69       0.2
c4_ma3_lag3       1236.1      59       0.2
c4_tn_2           1234.6      75       0.2
tn_21             1197.8      83       0.2
tn_12             1179.2      85       0.2
c4_tn_11          1177.5      80       0.2
edad_serie        1175.5      56       0.2
sh4_pend_6        1169.7      84       0.2
roll_min_6        1166.2      77       0.2
diff_0_12         1148.9      76       0.2
c4_tn_5           1126.4      64       0.2
sh4_acel          1112.6      77       0.2
c4_tn_4           1101.5      73       0.2
tn_7              1096.9      79       0.2
tn_10             1087.9      86       0.2
c4_tn_0           1073.2      55       0.2
pend_6            1055.6      43       0.1
diff_0_1          1028.3      58       0.1
basket_idx        1026.5      78       0.1
c4_roll_med_12     996.8      81       0.1
c4_diff_1_2        993.8      66       0.1
tn_8               992.3      69       0.1
roll_max_6         971.3      71       0.1
diff_5_6           967.9      76       0.1
c4_tn_12           949.8      62       0.1
roll_min_3         943.1      57       0.1
diff_3_4           942.3      71       0.1
c4_roll_max_12     911.2      61       0.1
dmax_6             899.5      45       0.1
tn_9               898.2      63       0.1
c4_diff_0_12       893.4      59       0.1
c4_dprom_24        885.3      57       0.1
c4_roll_med_6      871.9      50       0.1
c4_s6              869.0      53       0.1
c4_diff_0_1        863.1      46       0.1
c4_tn_8            849.0      56       0.1
c4_acel_ma3        844.6      40       0.1
c4_tn_6            840.5      50       0.1
tn_5               839.7      71       0.1
tn_4               833.0      63       0.1
r_0_1              828.1      56       0.1
tn_6               822.0      63       0.1
c4_roll_med_3      813.3      47       0.1
diff_1_2           805.8      56       0.1
c4_pend_12         799.5      48       0.1
roll_std_6         788.2      59       0.1
c4_log_prom        752.6      47       0.1
c4_s3              751.8      48       0.1
c4_s2              744.2      46       0.1
c4_diff_2_3        743.8      43       0.1
c4_dmax_12         735.8      40       0.1
c4_tn_3            712.0      46       0.1
c4_cv              698.9      40       0.1
r_02_34            697.7      49       0.1
diff_2_3           672.2      49       0.1
acel_ma3           662.0      31       0.1
dmin_6             654.8      34       0.1
c4_r_0_1           641.2      39       0.1
roll_min_12        639.2      44       0.1
r_1_2              638.9      48       0.1
r_tri              598.5      36       0.1
roll_max_12        593.2      44       0.1
diff_4_5           588.6      46       0.1
c4_tn_1            547.6      37       0.1
dmin_12            503.3      30       0.1
dmin_24            422.0      31       0.1
anio_corte          42.1       2       0.0
cat1                18.9       1       0.0

========================================================
v11opt | cat4=15.6%
========================================================
                    gain  splits  gain_pct
s3              156989.1     384      18.2
s2              129132.1     348      15.0
roll_std_3       60069.0     295       7.0
tn_0             53561.6     169       6.2
cat4             28610.9    1563       3.3
roll_max_3       24466.5     213       2.8
ncli_idx         20587.5     243       2.4
ncli_0           17723.4     253       2.1
roll_med_3       14059.9     175       1.6
dprom_24         13351.0     186       1.5
tn_1             11097.9     199       1.3
ncli_pend_12      7976.7     494       0.9
sh4_ma3           7383.2     208       0.9
c4_tn_22          6174.1     243       0.7
c4_tn_10          5864.7     214       0.7
mes_corte         5680.0     152       0.7
tn_15             5171.9     405       0.6
pred_ols_rec      4980.9     397       0.6
c4_tn_9           4704.8     269       0.5
c4_tn_16          4416.2     253       0.5
pend_12           4239.6     256       0.5
r_yoy_tri         4220.9     345       0.5
tn_13             4197.0     373       0.5
tn_17             4080.1     339       0.5
c4_tn_15          4060.6     272       0.5
ma3_lag9          3924.3     260       0.5
tn_12             3821.4     337       0.4
sh4_yoy           3798.9     335       0.4
tn_14             3712.8     331       0.4
tn_16             3696.5     316       0.4
log_prom          3646.8     299       0.4
sh4_pend_12       3594.9     299       0.4
ncli_prom         3540.9     289       0.4
tn_18             3473.2     298       0.4
roll_med_12       3443.4     271       0.4
c4_tn_13          3417.0     243       0.4
dmax_24           3351.3     218       0.4
ncli_pend_3       3345.2     276       0.4
ma3_lag3          3326.9     177       0.4
tn_2              3269.5     206       0.4
roll_med_6        3255.0     211       0.4
c4_tn_17          3247.7     252       0.4
roll_min_3        3200.6     186       0.4
diff_0_12         3168.6     266       0.4
c4_tn_14          3162.3     228       0.4
pred_ols_yoy      3160.0     230       0.4
tn_23             3110.1     249       0.4
ma3_lag6          3045.5     249       0.4
tn_8              3044.3     278       0.4
sh4_pend_3        3038.3     268       0.4
tn_11             3013.3     261       0.3
s6                2981.1     193       0.3
tn_7              2899.3     248       0.3
basket_idx        2884.8     254       0.3
sh4_pend_6        2869.2     250       0.3
tn_19             2860.5     256       0.3
cat2              2783.1     184       0.3
tn_3              2753.9     226       0.3
tn_21             2744.6     235       0.3
c4_tn_19          2739.4     213       0.3
dprom_6           2718.2     133       0.3
tn_22             2716.5     207       0.3
c4_tn_20          2690.5     204       0.3
sh4_0             2653.4     209       0.3
cv                2645.0     187       0.3
ncli_pend_6       2637.3     220       0.3
tn_9              2614.2     234       0.3
roll_min_6        2612.6     215       0.3
tn_20             2611.3     231       0.3
tn_10             2598.6     235       0.3
c4_tn_7           2593.4     192       0.3
sh4_acel          2572.5     229       0.3
roll_max_12       2569.6     229       0.3
c4_r_yoy_tri      2558.4     197       0.3
c4_tn_21          2522.4     171       0.3
diff_4_5          2518.3     234       0.3
roll_max_6        2486.4     217       0.3
dmax_12           2479.1     142       0.3
sh4_prom12        2460.2     202       0.3
diff_1_2          2393.7     205       0.3
diff_3_4          2390.6     215       0.3
roll_min_12       2380.1     210       0.3
tn_4              2370.1     208       0.3
c4_diff_0_12      2364.3     198       0.3
tn_6              2350.8     213       0.3
c4_tn_18          2344.4     178       0.3
diff_5_6          2331.8     214       0.3
diff_2_3          2283.1     208       0.3
c4_r_tri          2263.0     102       0.3
tn_5              2235.2     205       0.3
diff_0_1          2208.7     172       0.3
roll_std_6        2183.2     190       0.3
c4_tn_11          2177.9     186       0.3
r_1_2             2176.4     190       0.3
c4_diff_2_3       2085.4     168       0.2
c4_tn_4           2062.2     162       0.2
c4_tn_23          2042.1     141       0.2
c4_tn_8           2025.3     169       0.2
c4_tn_6           2005.0     160       0.2
r_0_1             1990.1     172       0.2
r_02_34           1951.1     170       0.2
pend_6            1933.0     134       0.2
c4_tn_2           1918.1     155       0.2
c4_tn_5           1871.7     151       0.2
c4_ma3_lag3       1864.6     130       0.2
c4_r_0_1          1863.7     148       0.2
c4_pend_6         1783.1     125       0.2
c4_diff_1_2       1745.8     148       0.2
c4_roll_med_12    1717.5     146       0.2
dmin_24           1684.2     139       0.2
c4_roll_max_12    1671.3     133       0.2
c4_dmax_12        1619.6     120       0.2
c4_roll_med_6     1601.5     119       0.2
c4_tn_12          1595.8     143       0.2
dmin_12           1559.2     118       0.2
dmax_6            1557.8     116       0.2
c4_s3             1547.3     113       0.2
c4_cv             1518.8     110       0.2
c4_diff_0_1       1514.8     116       0.2
r_tri             1513.7     126       0.2
c4_pend_12        1510.8     123       0.2
c4_tn_3           1447.9     119       0.2
c4_dprom_24       1417.9     108       0.2
c4_tn_0           1402.9     106       0.2
acel_ma3          1399.7     111       0.2
c4_tn_1           1391.5     119       0.2
c4_roll_med_3     1369.2     115       0.2
dmin_6            1366.1     109       0.2
c4_s6             1331.7     104       0.2
c4_log_prom       1203.2      93       0.1
c4_s2             1135.0      91       0.1
c4_acel_ma3       1116.9      73       0.1
edad_serie        1085.1      66       0.1
cat1                82.1       4       0.0
anio_corte          41.2       1       0.0